mcnp       6     01/08/21 10:42:57    11         1000000       339835706
 -*-mcnpgen-*- 14 MeV isotropic point src in a block tube on 2 separated shield 
ntal     1
   14
tally   14                   -1    0    0
 1 0 0 0 0 0 0 0 0 0 0 0 0 0 0 0 0 0 0 0 0 0 0 0 0 0 0 0 0 0 0 0 0 0 0 0 0
f        2
      1      2
d        1
u        0
s        0
m        0
c        0
e        0
t        0
vals
  1.02020E-04 0.0018  5.01319E-05 0.0027
tfc   16       1       1       1       1       1       1       1       1
          64000  1.02112E-04  7.14074E-03  1.49703E+05
         128000  1.01877E-04  5.05129E-03  1.52063E+05
         192000  1.02167E-04  4.12596E-03  1.51560E+05
         256000  1.01855E-04  3.57490E-03  1.51491E+05
         320000  1.01692E-04  3.19688E-03  1.51414E+05
         384000  1.01810E-04  2.91763E-03  1.51211E+05
         448000  1.01860E-04  2.69567E-03  1.51682E+05
         512000  1.02007E-04  2.52305E-03  1.51547E+05
         576000  1.02135E-04  2.37721E-03  1.51842E+05
         640000  1.02133E-04  2.25641E-03  1.51996E+05
         704000  1.02231E-04  2.15148E-03  1.52148E+05
         768000  1.02123E-04  2.05925E-03  1.52239E+05
         832000  1.02143E-04  1.97779E-03  1.52414E+05
         896000  1.02151E-04  1.90550E-03  1.52663E+05
         960000  1.02020E-04  1.84224E-03  1.52615E+05
        1000000  1.02020E-04  1.80463E-03  1.52761E+05
